	AAAU	AALI	AALJ	AALK	AAAK	AAT0	AAT1	A9QA	A0SB	A0SD	A0SE	A0SF	A0SG	A0SH
A1BG	197.0897	237.3844	423.2366	191.0178	268.8809	203.7718	211.2958	314.1841	49.1992	142.2976	192.8194	326.0194	168.8309	180.3235
A2LD1	102.9634	70.8646	161.2602	62.5072	154.3702	111.5354	101.9723	233.6192	37.8962	66.863	70.9305	161.3454	115.6368	130.3942
A2ML1	1.3786	4.3502	0	1.6549	3.4043	1.1732	4.075	0	3.1535	7.609	0.9872	3.4272	1.8	1.4446
A2M	5798.3746	7571.9793	8840.3989	10960.2193	9585.4426	12331.3213	15406.6259	3182.4843	31626.949	23793.4927	15728.487	15583.9901	12472.9871	13997.8602
A4GALT	68.2424	157.6944	573.8894	506.4129	342.1277	370.1422	263.2437	411.6109	337.4254	377.14	266.2279	441.2557	619.5662	348.5123
A4GNT	8.6165	0.5438	0	0	0.4255	4.1062	0.815	3.6611	0.901	0.6616	0	0.8568	0.72	1.0835
AAAS	649.3372	887.9826	723.4814	776.9963	819.1489	954.3921	791.361	873.431	711.7919	527.3344	636.4459	1005.4632	718.9272	524.0324
AACS	1087.3986	836.3241	1533.0916	858.0885	840	833.5533	934.8003	1198.2218	2184.0297	784.7159	831.2629	442.9693	1721.1772	820.1776
AADAC	0	1.0875	0.9066	2.8962	0.4255	0	0	0	0	0	0.3291	0	0.36	0
AADAT	5.5145	24.4698	53.4905	57.0956	62.9787	34.6092	32.5998	114.5397	200.473	39.6989	28.9593	18.4214	29.8803	92.0939
AAGAB	1300.3977	3541.0549	1360.8341	1683.4919	1802.5532	1892.3596	2127.9544	2584.205	848.7442	1952.1958	1649.0333	1007.1768	2701.107	1353.6
AAK1	517.3329	848.2871	568.4497	727.7617	678.2979	946.1798	692.7465	344.6653	1048.3163	1105.2849	1013.2456	663.1688	437.0444	1188.9144
AAMP	2053.1326	2979.8804	2291.9311	2762.5155	3290.6383	3591.1424	3097.7995	3366.1088	2198.4458	2395.8316	2841.2999	2950.8439	3237.1524	2385.7742
AARS2	689.8967	472.5014	439.7099	431.9363	577.8468	583.0708	535.4523	774.5554	513.0893	465.1361	431.7532	410.7876	246.5881	358.2598
AARSD1	466.668	418.7058	390.7525	493.5871	662.5532	698.6362	780.7661	1205.5439	667.1923	363.5762	490.3332	653.7439	568.4457	494.0568
AARS	4409.565	4570.9625	2556.6636	2122.8796	2360.8511	2033.1427	2221.6789	8591.5272	3451.2896	2183.7731	2610.2838	1979.653	2045.5405	2714.7842
AASDHPPT	808.9143	678.6297	779.6917	665.2875	465.1064	639.3899	687.8566	648.5356	987.0481	620.9577	585.109	941.1641	1196.9832	571.3434
AASDH	277.4504	184.3393	190.3898	196.5246	313.1915	314.4156	276.2836	334.205	384.2775	333.4712	406.7462	265.1818	277.2028	355.7353
AASS	45.8396	71.7781	76.1559	183.2851	385.9574	474.5564	327.6284	144.8745	414.0106	330.1629	256.6845	191.068	63.3606	334.0662
AATF	1518.9114	7649.2659	2097.9148	1915.1841	1315.3191	1155.0081	1253.4637	1911.0879	919.4729	1325.9449	1487.7828	1470.7095	964.0896	1309.1782
AATK	619.5932	107.6672	145.0589	119.9835	35.3191	54.5535	22.8199	241.1768	123.4373	73.4431	105.9646	65.1173	25.2003	62.8406
ABAT	620.7305	240.348	375.34	1721.5556	852.766	852.3244	801.956	343.6192	454.5557	903.8128	2006.7462	1034.5947	6152.4615	960.666
ABCA10	16.2334	17.9445	27.1985	23.583	30.6383	29.9164	18.7449	0.523	11.2625	22.8269	21.7195	24.8474	8.6401	15.8907
ABCA11P	79.1509	96.0903	156.0199	137.3231	57.2298	206.2942	181.304	39.001	176.1009	64.2064	95.717	105.6743	84.1976	84.9937
ABCA12	321.222	678.6297	0	1430.6992	10.2128	26.9834	232.2738	6.7992	11.2625	100.2398	151.049	14.5657	963.3696	221.3866
ABCA13	0	1.6313	0.9066	2.4824	0.4255	2.3464	2.445	0.523	1571.7986	0.9925	1.3163	3.8556	0.72	3.2504
ABCA17P	17.9223	70.6906	12.6927	9.1022	12.3404	26.3968	3.26	3.6611	7.208	6.2857	12.5051	8.9965	23.7602	6.8619
ABCA1	288.4622	421.9304	689.8821	749.2635	737.8468	682.1997	1105.1345	227.5105	627.0391	1647.8008	888.1876	568.046	642.5704	1105.8385
ABCA2	4507.4481	2330.0707	3208.5222	1375.2586	947.234	1298.1376	1290.1385	759.4142	1671.3594	1161.1943	1444.673	1008.0336	1697.057	836.7906
ABCA3	5470.7695	2656.8787	1514.0526	968.5561	1247.234	886.347	3089.6496	1232.7406	900.1014	1949.8801	2597.4496	1770.592	10139.1414	1468.4465
ABCA4	3.7912	45.1332	1.8132	73.2313	37.8723	83.2967	58.6797	7.3222	3.604	159.7883	13.4924	34.2723	175.3218	69.7025
ABCA5	795.0934	388.7983	559.3835	412.0811	217.0213	301.5105	233.9038	114.0167	289.2218	401.621	221.1436	149.9413	34.9203	366.5699
ABCA6	23.0921	25.0136	81.5956	78.1961	185.9574	123.7718	101.8745	1.046	36.4906	153.5026	117.1534	130.6631	121.6812	193.2167
ABCA7	596.9491	763.4584	383.4995	465.8668	81.2766	391.8463	337.4083	298.6402	136.5019	137.2922	326.7791	260.8978	342.7234	162.1575
ABCA8	58.592	20.1196	52.5839	213.4878	65.5319	106.1739	57.0497	0	122.0858	201.1413	79.9671	77.541	86.4009	80.1759
ABCA9	37.5678	46.2208	54.3971	70.3351	205.1064	78.6039	144.2543	0	54.0601	95.6083	150.7199	128.9495	80.2808	119.9027
ABCB10	532.8425	364.8722	278.3318	411.6674	345.1064	370.1422	366.7482	560.6695	358.1484	512.4473	571.9457	636.1793	311.7631	595.9018
ABCB11	0	2.7189	0.9066	1.6549	0.4255	0	0	0	0.4505	1.3233	0	0.8568	1.44	1.4446
ABCB1	27.9174	41.3268	21.7588	107.1576	41.7021	124.945	122.2494	9.4142	13.0645	180.2994	216.5364	139.6596	82.4408	87.0378
ABCB4	14.4757	36.4328	15.4125	11.5846	45.9574	38.1288	35.8598	48.6402	6.7575	41.6839	13.4924	15.4225	29.1603	44.7829
ABCB5	0.3447	8.1566	4.5331	1.2412	0.4255	5.866	61.9397	0	1.3515	9.2631	5.9235	3.8556	9.3601	1.8058
ABCB6	839.0443	985.3779	640.9429	623.2768	587.3574	496.9996	389.5681	350.3086	544.1198	540.1803	558.3645	379.6598	432.3571	509.2541
ABCB7	607.6335	199.0212	143.2457	354.5718	416.5957	391.2597	444.9878	356.1715	602.7706	448.929	536.7339	382.9928	344.5234	373.4318
ABCB8	1310.7375	1710.1686	659.1115	952.8341	859.5745	929.1685	899.7555	884.9372	295.0783	698.0399	698.6425	1035.0231	972.7297	766.3659
ABCB9	285.9496	367.0201	269.6464	151.4233	76.3489	98.5423	135.5501	144.9634	164.532	251.119	93.8445	131.7684	255.4766	138.8271
ABCC10	830.9724	781.4029	564.8232	700.4551	538.7234	426.4555	563.1622	418.9331	537.4479	350.6741	415.9605	395.4165	458.6446	417.4924
ABCC11	92.0239	7793.9097	0.9066	2210.1779	95.3191	402.405	318.6634	2574.2678	14.416	1258.1259	1094.529	2225.985	6391.8639	9765.2057
ABCC12	0	796.6286	0	93.9181	0	4.6928	5.705	43.9331	0.4505	18.857	0.9872	28.2746	36.7204	36.1153
ABCC13	0	1.0875	109.7008	61.2329	39.1489	104.4141	0	5.2301	0	0.6616	3.2908	13.7089	29.8803	0
ABCC1	1573.3675	889.0701	1601.0879	1262.3086	1198.7234	1016.5713	851.6707	485.8787	1693.8844	1162.8484	1428.5479	1156.2613	1957.6996	1412.829
ABCC2	5.1699	82.6536	5.4397	17.3769	6.383	9.9721	11.4099	16.2134	6.7575	82.0445	1.9745	11.5669	6.4801	14.085
ABCC3	110.2908	8835.7803	144.1523	1427.3893	342.1277	683.3847	357.7832	571.1297	14.416	657.0176	421.5549	647.7462	382.6838	647.5466
ABCC4	28.6067	71.2344	123.3001	439.3877	120	119.6656	202.934	16.2134	86.0457	168.7205	106.2937	96.8192	113.0411	369.098
ABCC5	740.3272	415.9869	3300.9973	1319.818	2860.8511	936.7943	970.6601	443.5146	1001.0136	3198.7429	307.3632	896.6487	299.523	1369.1296
ABCC6P1	6.5485	4.894	1.8132	0.8275	1.7021	1.1732	3.26	20.3975	0	2.3158	9.8725	3.8556	13.6801	0.3612
ABCC6P2	40.6697	3.2626	3.6265	3.3099	25.1064	8.7989	23.6349	126.569	0.901	12.5713	30.9338	60.4049	39.2404	6.8619
ABCC6	158.1984	27.7325	18.1324	11.1709	197.8723	121.4254	28.5249	234.3096	7.208	36.3907	83.587	72.4002	210.2421	23.4749
ABCC8	173.0187	148.994	96.1015	62.8879	166.8085	291.5383	218.4189	84.205	0	305.0203	520.2797	185.9272	50.7605	267.6141
ABCC9	79.2715	188.6895	150.4986	182.8713	129.3617	86.2297	113.2844	67.9916	41.8966	366.5536	251.0901	174.3603	168.4817	204.4124
ABCD1	929.5448	404.5677	940.1632	353.7443	234.8936	357.2371	370.0081	222.8033	202.275	312.2984	235.9523	314.0198	470.5247	643.2128
ABCD2	1.7233	8.7004	21.7588	8.6885	5.5319	5.2794	19.5599	1.046	5.406	16.2104	11.5179	25.2758	7.2001	10.4734
ABCD3	2396.4128	955.4105	775.1587	1448.0761	2250.6383	2291.2451	1760.3912	1470.7113	2573.7133	2454.7184	4294.529	1430.868	3307.7131	4131.2248
ABCD4	322.256	486.6775	308.2502	589.1601	615.7447	896.3191	774.2461	420.5021	343.7324	457.8612	509.7491	485.3813	608.0461	404.4909
ABCE1	1314.1841	1296.9005	1295.5576	1297.8899	1392.3404	1087.5495	1138.5493	2032.9498	2125.4646	1631.9577	1587.1658	1578.6672	1157.7716	1384.6591
ABCF1	2095.181	2122.8929	1418.8577	2006.6198	1616.1702	1545.6812	1992.665	2877.6151	2015.9928	1720.2878	1695.1049	1415.8739	973.0897	1916.6369
ABCF2	1557.8579	1872.2132	1404.3518	1347.952	1292.3404	1261.182	1432.7628	1102.5105	1457.3713	1307.4187	1380.5019	1552.963	1342.0934	1380.6865
ABCF3	1180.4565	2085.3725	1229.3744	1158.4609	1310.6383	1150.9019	1426.2429	1648.0126	1051.4698	1186.6678	987.248	1072.2942	1244.5324	1660.5797
ABCG1	1020.1901	1171.2887	585.6754	515.1014	1285.9574	658.161	1201.304	1494.2469	4477.5313	3310.2308	840.1481	798.9727	1442.1744	641.7682
ABCG2	88.2327	12.5068	24.4787	59.578	102.5532	103.8275	65.1997	3.1381	97.3083	160.7807	161.5796	108.3861	41.0404	93.8997
ABCG4	6.2039	3.2626	1.8132	2.0687	1.2766	6.4526	13.0399	4.1841	0	2.6466	1.6454	0	1.8	2.8892
ABCG5	0.3447	3.8064	2.7199	3.7236	1.2766	3.5196	3.26	0.523	1.3515	3.6391	0.6582	0.4284	2.88	2.1669
ABHD10	1052.588	731.3757	448.7761	400.9102	497.4468	530.283	704.9715	959.728	595.5626	669.2581	645.3311	567.6348	464.4046	496.2237
ABHD11	541.8037	3446.9821	2033.5449	2388.9119	1704.6809	721.5134	1901.3855	1074.2678	503.6603	893.2264	634.8005	2426.9063	1988.2999	558.7031
ABHD12B	0.6893	1.6313	1.8132	0.8275	3.8298	107.9337	118.9894	0.523	23.4261	5.9548	74.7018	149.5129	1.08	2.1669
ABHD12	2687.3048	3989.6683	1476.8812	1176.2516	1174.8936	1351.5178	2178.4841	2519.8745	1413.2222	2279.3814	871.0819	1690.4806	1929.9793	972.9452
ABHD13	298.8192	236.5416	251.1333	336.3674	386.383	343.1588	374.8981	480.6485	601.8696	454.553	419.5804	433.116	397.444	562.3146
ABHD14A	252.2903	357.2594	301.9039	338.0223	239.1489	363.1031	284.4336	494.7699	191.035	249.7726	258.7445	261.5661	289.0829	140.445
ABHD14B	1666.7701	1247.9608	1679.9637	1738.9326	1393.617	1767.4146	1568.8672	2410.5649	1990.7647	1154.5778	2400	1656.6367	2527.2253	1238.0312
ABHD15	390.1538	1542.6862	200.3626	191.9735	328.9362	448.1596	351.2632	387.0293	199.1215	422.463	300.7816	293.4565	560.1656	524.7548
ABHD1	28.9513	118.5427	1.8132	14.8945	6.8085	24.637	8.15	149.5816	11.713	24.8118	22.0485	14.1373	14.7601	2.8892
ABHD2	13890.7845	1569.3312	2171.3509	7661.1502	14613.617	9258.8356	2028.5249	2201.3598	2903.4801	8409.23	6895.9276	35893.3661	3243.6324	4919.2598
ABHD3	270.2125	654.1599	174.0707	539.0981	237.4468	602.4344	1773.4311	311.1925	70.7287	281.8625	346.5241	637.0361	294.8429	184.549
ABHD4	869.5742	1282.7624	1907.5249	943.3182	800.4255	1067.6052	704.9715	807.5314	400.9461	1375.2378	881.6125	649.0314	929.8893	1303.761
ABHD5	623.8325	635.1278	625.5666	581.2991	540.8511	351.9578	597.392	460.7741	909.5619	950.1282	785.5204	424.1196	668.8867	1218.1678
ABHD6	146.48	67.9717	87.0354	69.5077	63.4043	68.6318	154.0342	89.4351	65.7732	142.9162	84.5742	78.8263	94.6809	70.0636
ABHD8	495.2747	465.4704	339.0752	337.1949	836.5957	377.768	396.903	611.4017	249.5777	208.7503	275.7713	421.5491	264.9626	276.2818
ABI1	803.6858	1068.211	1311.7588	1064.9566	1239.8043	1178.4719	1314.238	1592.5889	1567.2801	1617.0705	2116.9593	1581.5846	1448.6041	1500.8455
ABI2	1250.7669	1229.4725	922.0308	1453.8684	1607.234	1177.2987	891.6055	1092.5732	2539.4752	1907.2037	1448.622	1080.4338	1100.891	1496.9776
ABI3BP	140.9655	203.3714	378.9665	463.3844	363.4043	276.8734	318.6634	6.7992	147.3139	518.7329	435.0473	675.1641	419.4042	465.5257
ABI3	154.0625	450.7885	227.5612	228.3823	188.9362	387.7401	548.4923	89.9582	46.4016	199.4872	121.4315	173.9319	146.8815	157.4625
ABL1	2065.1957	2619.3583	3137.806	2684.7331	2878.7234	2415.0169	2231.4588	1595.1883	3185.9444	2519.56	2820.5677	2315.093	2260.8226	3531.3503
ABL2	731.366	809.1354	1085.2221	997.1038	964.6809	1006.5992	681.3366	805.9623	1180.3131	1218.7578	1665.1584	1030.3106	932.0493	1489.0322
ABLIM1	2876.5225	1000	733.4542	964.005	1704.2553	830.0337	1682.1516	261.5063	2968.3523	2097.4278	3069.3542	1914.964	1496.175	2292.958
ABLIM2	112.7034	49.4834	45.3309	57.0956	130.2128	68.6318	61.9397	80.0209	28.3816	134.3148	72.7273	79.6831	290.5229	14.8073
ABLIM3	4074.5566	278.4122	707.1623	212.2466	610.2128	589.5293	1540.3423	26.1506	90.1002	623.2735	857.9186	1145.9796	655.5666	661.9927
ABO	56.524	1.6313	0.9066	4.5511	2.5532	2.933	0.815	5.2301	7.208	13.233	2.3036	9.8533	5.7601	7.5842
ABP1	2.068	19.5759	19.039	13.6533	8.5106	6.4526	6.52	59.6234	0.4505	375.4859	69.1074	10.7101	3.96	3.6115
ABR	3161.2107	1964.6547	2216.6818	1456.3508	1291.4894	1756.2692	2249.3888	2031.9038	1701.0925	1615.0856	1160.0165	1696.9066	2148.8615	1700.3065
ABT1	546.2842	473.627	635.5394	481.175	508.0851	622.3786	678.0766	813.8075	567.181	499.5451	499.2184	631.4669	559.0856	487.556
ABTB1	638.9975	990.7558	700.816	484.8986	461.7021	926.2355	587.6121	579.4979	225.2506	556.1161	314.9321	427.5468	238.3224	343.8173
ABTB2	59.2813	190.3208	75.2493	59.578	112.3404	65.6988	109.2095	374.477	718.5494	151.5177	60.5512	79.2547	168.8417	91.0105
ACAA1	781.6862	1345.2964	1330.9157	1359.5366	1209.3617	1840.1525	1555.0122	1071.1297	717.1979	1150.2771	1019.4981	1294.6356	2277.3828	1106.9328
ACAA2	768.5892	501.9032	1383.4995	988.8291	1215.7447	948.5262	876.9356	599.3724	1317.2655	795.3023	1072.1514	1120.2754	453.6045	748.6694
ACACA	3359.3895	14643.2844	3602.9012	3386.4295	2343.8298	2188.5907	1361.8582	1478.5565	1544.3181	2351.8319	3222.0485	3069.0833	2357.6636	7263.5015
ACACB	479.7651	108.211	272.8921	146.4626	311.9149	420.0029	246.1288	3049.1632	301.8358	892.2339	274.455	652.4587	222.8422	344.1784
ACAD10	505.6145	648.7221	479.6011	452.2135	658.7234	529.1098	597.392	515.1674	527.0864	392.358	370.218	306.737	691.2069	456.8581
ACAD11	550.6407	402.8657	86.1287	419.7642	425.1064	373.5445	352.0782	428.8232	368.9605	282.5242	235.2546	193.21	182.5218	292.8948
ACAD8	480.1097	269.168	780.5984	532.4783	380.4255	540.2552	635.6968	394.3515	540.1509	338.7644	286.631	373.1395	453.2445	269.781
ACAD9	850.4491	845.6389	904.1704	1034.2904	940.4043	973.0166	990.3015	933.363	832.9722	883.2983	681.8692	822.1065	1022.835	893.8491
ACADL	0.6893	0.5438	0	18.6181	1.7021	1.1732	1.63	0	7.208	97.9241	2.3036	4.284	2.88	1.4446
ACADM	1260.0727	547.5802	455.1224	954.9028	845.9574	937.3808	1220.0489	917.364	1020.3852	1061.9469	1077.7458	643.8906	834.8483	888.7966
ACADSB	2135.8507	257.205	1947.4161	2169.218	1469.3617	944.42	1199.674	620.8159	1001.0136	3729.0547	1760.2633	1328.9079	1755.3776	2136.94
ACADS	167.8488	427.4062	395.2856	154.3235	506.383	933.8613	451.5077	1112.9707	301.8358	251.7575	310.6541	427.9752	392.4039	320.3424
ACADVL	3086.7231	6661.7618	5205.8024	5250.7116	3867.1957	2896.0258	5031.7685	7504.7071	5390.6791	2054.7018	2164.028	2723.79	5803.1716	2309.9141
ACAN	25.8494	122.8929	102.4479	31.8577	19.5745	22.8773	57.8647	69.5607	43.6986	140.9313	22.0485	11.9953	49.3205	54.8952
ACAP1	33.4319	317.0201	310.0635	150.5999	121.2766	225.8396	461.2877	19.8745	8.109	50.2853	54.2986	186.3556	151.2015	35.7541
ACAP2	1366.2276	1115.8238	711.6954	742.2424	1030.2128	892.7995	788.9161	768.8285	1188.8726	1810.6029	1197.861	849.9527	1036.4504	1885.939
ACAP3	2181.6628	1159.2985	1969.3019	1095.0683	790.7915	938.7007	868.0359	403.2584	310.8638	343.4058	516.0082	366.2979	783.7962	375.2954
ACAT1	2413.3011	830.3426	2358.1142	698.3864	534.8936	724.4464	1173.5941	2576.8828	832.9767	1041.7666	1011.2711	718.0044	655.9266	929.6068
ACAT2	234.5059	980.0924	732.9374	727.7576	520.5872	384.7133	325.6235	797.3222	388.9627	587.733	449.0991	357.5499	481.2564	369.3797
ACBD3	1473.4165	1703.6433	1472.3481	1493.1734	1337.4468	1366.1827	1466.1777	3319.0377	1442.0543	1826.4825	2905.471	1567.9571	1251.0125	2505.3157
ACBD4	316.7415	123.4367	191.2965	183.6988	361.7021	364.2763	249.3888	563.8075	183.354	237.2012	259.9753	280.6043	434.5243	233.6657
ACBD5	873.0208	677.5421	572.9828	681.4233	562.5532	502.1264	458.0277	1647.4895	525.7349	1072.2025	1176.7997	805.8271	712.0871	648.6301
ACBD6	299.1639	490.484	916.5911	782.3748	690.6383	711.5413	653.6267	843.6192	472.1252	438.6734	748.9922	612.1887	408.9641	599.1522
ACBD7	25.8494	69.603	39.8912	23.9967	60.4255	53.9669	105.9495	166.318	183.8045	25.4735	14.4796	30.4167	42.4804	7.2231
ACCN1	73.0677	1.0875	1.8132	0.4137	0.8511	1.1732	0	0.523	4.0545	8.6014	1.9745	153.7969	0	0.7223
ACCN2	452.8817	174.0076	54.3971	84.8159	195.3191	87.4028	101.8745	641.7364	199.572	184.2693	123.7351	102.3885	22.3202	89.2047
ACCN3	136.8296	368.6786	42.6111	153.4961	30.2128	25.8102	7.335	59.6234	7.208	5.624	39.1608	6.4261	19.4402	4.3338
ACCN4	2.4126	10.8755	2.7199	2.8962	12.3404	3.5196	2.445	1.569	0.901	0	1.3163	0.8568	0.36	0.7223
ACCS	381.5373	207.1778	929.2838	260.24	310.2128	208.8283	393.643	381.2762	311.7468	89.9843	157.9597	142.6584	127.8013	72.9528
ACD	611.4248	718.869	708.9755	338.0223	353.617	342.5722	325.9984	347.2803	491.0463	232.2389	263.5952	353.433	259.2026	221.0254
ACE2	0.6893	1.0875	0	8.2747	3.4043	5.866	12.2249	20.3975	9.4605	1.9849	1.9745	5.1408	0.36	0.3612
ACER1	5.1699	3.8064	3.6265	4.1374	0	0	0.815	15.1674	0.901	1.6541	0.3291	2.142	2.16	0
ACER2	72.3784	66.8842	59.8368	141.084	125.5319	105.5873	69.2747	43.41	59.0157	336.7794	206.3348	41.1267	195.842	233.6657
ACER3	450.1244	164.2197	147.7788	179.9752	225.9574	168.3531	268.9487	423.1172	264.8947	359.9371	179.021	116.5258	83.1608	271.5868
ACE	3401.0933	2147.3627	407.0716	528.7547	401.7021	317.9352	370.0081	1895.3975	71.1792	533.62	311.3122	277.1771	211.3221	663.4374
ACHE	10.6844	2923.3279	9.0662	11.5846	14.0426	25.2236	24.4499	9.9372	22.5251	11.5789	13.1633	19.7066	16.5602	3.6115
ACIN1	3280.4627	3514.9538	4287.398	4002.4824	3511.0638	4041.6483	3998.37	3439.8536	3247.663	2669.0927	3072.3159	2719.0776	2627.6663	2283.568
ACLY	7481.1644	3873.8445	7271.0789	3232.9334	5511.0638	2435.5477	2634.8818	4951.3598	2858.8805	4439.0042	4872.3982	4570.2095	4988.2099	6945.6872
ACMSD	193.3536	25.0136	4.5331	1.2412	1.7021	70.9781	0	0	0.4505	1.6541	3.6199	3.4272	15.8402	0
ACN9	194.7322	272.4307	89.7552	67.0252	65.9574	130.2244	110.8394	92.0502	185.6065	60.5409	112.8754	126.3791	61.9206	113.7631
ACO1	807.5356	381.1854	737.9873	880.0165	719.1489	836.4863	773.4311	646.4435	663.1377	1125.1344	886.8778	968.1921	1049.4105	1560.9016
ACO2	2344.1177	2279.7444	1949.4288	3210.9723	2376.4	2413.3157	3101.9723	5105.8944	2413.3709	1618.2582	2770.6261	3158.2041	3030.6867	2208.7155
ACOT11	256.0298	11.963	68.903	23.1692	25.1064	33.436	24.4499	92.432	36.9411	34.0352	25.0103	32.1303	23.7314	13.5143
ACOT13	647.6932	905.4432	664.9955	523.6409	342.6043	483.1735	508.5656	763.8598	446.307	574.1361	502.2789	470.3614	384.8762	461.553
ACOT1	376.7121	935.8347	592.9284	717.832	515.3191	344.332	650.3667	1118.7238	323.0093	700.3556	840.1481	898.3623	1808.2981	556.5362
ACOT2	362.5811	502.447	370.8069	507.2404	373.617	256.9292	394.458	718.6192	247.3251	468.7784	625.9153	457.535	1218.2522	435.1889
ACOT4	324.324	112.0174	247.5068	438.9739	250.6383	186.5376	277.9136	338.3891	22.9756	363.907	444.9198	412.9811	1001.17	459.3861
ACOT6	4.4806	8.1566	5.4397	0.8275	3.4043	1.1732	0	3.6611	1.3515	4.6315	2.3036	6.8545	34.9203	10.8346
ACOT7	910.5886	647.0908	1055.3037	743.0699	362.9787	452.8523	542.7873	308.5774	347.3364	366.2228	445.2489	290.4576	369.0037	204.4124
ACOT8	320.9153	802.6591	463.4089	243.4712	315.4553	354.3745	428.0848	429.6496	194.7562	403.0469	192.0165	379.2186	223.645	190.9956
ACOT9	318.8094	951.6041	559.3835	539.0981	494.8936	414.137	475.9576	362.9707	466.7192	273.2611	340.9297	323.0163	275.7628	604.9306
ACOX1	1284.1092	1736.2697	1175.1949	2398.9077	1137.1447	922.4344	1507.9055	1972.2803	1703.7955	1386.8166	1211.1625	1050.1671	1216.607	1659.8574
ACOX2	110.6355	840.6743	1254.7597	75.3	148.9362	265.1415	130.3993	37.6569	31.0846	98.5857	463.3484	90.8216	160.2016	30.3368
ACOX3	739.6378	125.6117	367.1804	629.7062	716.5957	1025.9569	861.4507	720.1883	439.2387	973.2859	897.0794	1304.9173	561.9656	626.2386
ACOXL	5.5145	7.6128	0	1.2412	3.4043	2.933	1.63	0	1.802	0.9925	0.3291	3.4272	1.08	0.7223
ACP1	748.9436	2466.5579	1395.2856	1584.609	1169.3617	1485.8484	1911.9804	2188.2845	1488.9064	1599.206	1503.9079	1640.3573	1591.5759	1333.7366
ACP2	1194.5771	1744.9701	1000.9066	1077.7824	1084.2553	807.1565	1740.0163	1679.9163	702.7773	1371.5987	1015.8782	947.6287	1303.573	1323.6243
ACP5	1256.6261	994.5623	3617.4071	456.7646	759.5745	1691.1571	2284.4336	926.7782	80.1892	1034.4885	735.4998	695.7274	818.2882	885.1851
ACP6	322.9453	299.6194	180.417	339.2635	603.4043	642.3229	310.5134	714.9582	218.9436	349.6816	299.1362	347.4353	272.5227	170.464
ACPL2	488.7262	153.888	143.2457	398.4278	689.3617	407.0978	362.6732	391.7364	439.2387	382.1024	523.8996	657.1711	599.766	789.8408
ACPP	32.7426	53.8336	52.5839	22.3417	14.4681	19.9443	10.5949	29.2887	5.8565	16.5412	13.4924	14.1373	2.88	27.8088
ACRBP	24.8154	133.7684	26.2919	32.6851	14.4681	28.7432	47.2698	12.5523	10.3615	15.8796	21.7195	19.7066	23.4002	14.8073
ACRC	12.7524	17.4008	25.3853	16.5494	10.6383	55.7266	27.7099	4.7071	12.614	12.5713	4.9362	14.5657	2.88	5.0561
ACRV1	1.7233	0.5438	5.4397	0	0.4255	1.7598	0	2.0921	4.505	0.9925	0	0.8568	0.36	0
ACR	1.034	2.1751	0.9066	2.8962	1.2766	1.7598	3.26	0.523	16.6685	6.2857	0.9872	3.4272	4.68	0.3612
ACSBG1	9.9951	7.0691	4.5331	6.6198	4.2553	2.933	8.965	5.2301	7.208	4.6315	2.9617	4.7124	2.52	4.695
ACSBG2	4.1359	1.6313	0	3.3099	2.9787	2.933	1.63	0	2.703	0.9925	1.9745	1.7136	2.52	1.0835
ACSF2	129.5917	3126.6993	137.806	1556.1523	1472.766	773.7205	695.1915	2038.7029	468.0707	851.5425	1133.6898	1443.2917	2259.7426	794.8969
ACSF3	720.3369	364.3284	519.4923	312.3707	314.4681	343.1588	479.2176	778.2427	413.5601	239.8478	256.0263	332.8696	455.4046	242.3334
ACSL1	1307.2909	1014.1381	1622.8468	2482.4162	1911.4894	2352.8377	987.7751	104.0795	804.5951	2153.0064	771.6989	2552.857	507.2451	1867.5202
ACSL3	4634.6272	2729.2007	1857.6609	3735.2089	5134.0426	2896.6124	3605.542	6963.3891	6835.9049	12288.1482	5896.1744	3644.8577	3220.5922	7837.373
ACSL4	169.5721	438.8254	446.0562	548.614	685.1064	488.6347	515.8924	85.251	1099.2229	911.4217	623.9408	586.0561	503.285	1184.5806
ACSL5	77.5482	310.4948	306.437	271.8246	462.9787	336.7063	771.8011	243.2008	623.0431	388.3881	234.3069	309.3074	264.6026	146.628
ACSL6	89.2666	18.4883	2.7199	4.5511	6.8085	2.3464	11.4099	14.1213	1.3515	19.8495	40.8063	7.7113	16.5602	47.6721
ACSM1	16.199	27.7325	55.3037	2093.0906	5.9574	13.4917	11.4099	43.41	12.1635	19.8495	144.1382	77.541	250.5625	7.2231
ACSM3	3.1019	38.559	14.515	182.077	36.9064	39.4134	57.8892	164.8954	233.666	33.2578	64.204	53.936	57.6726	28.7875
ACSM5	7.5825	5.9815	29.9184	11.1709	16.5957	65.1122	56.2347	1.046	6.307	18.5262	33.5664	10.2817	46.8005	20.2245
ACSS1	672.4294	6738.9886	373.5267	604.4683	941.7021	1045.9012	1612.8769	2056.4854	965.8745	1455.6282	644.673	2406.3429	678.2468	293.6171
ACSS2	1143.2333	835.2365	1190.3898	647.0832	488.5106	537.3222	678.8916	770.9205	866.7643	926.6396	913.8626	1048.3036	984.9698	931.0515
ACSS3	237.1253	22.2947	832.2756	335.1262	400.8511	237.5715	69.2747	31.9038	374.3665	341.411	244.1794	51.4084	460.4446	194.6613
ACTA1	2.068	9.2442	7.2529	28.5478	4.2553	7.6258	239.6088	4.1841	2.703	192.8707	6.2526	9.4249	10.8001	5.7784
ACTA2	3779.3563	7202.2295	6801.9492	13933.525	9726.217	13000.1173	5455.3138	1007.249	34754.639	12998.7627	10822.4401	10681.3609	5369.1441	12923.4492
ACTBL2	2.068	0.5438	0	0.8275	1.7021	0	1.63	0	12.614	0.9925	2.9617	0	1.08	5.4173
ACTB	41867.0858	107062.534	110078.8758	98775.7551	94600.8511	94376.3015	89105.1345	80256.7992	97950.2196	79911.6698	85495.3517	126441.6048	94728.8273	133483.4524
ACTC1	7.2378	0	2.7199	0	1.2766	1.7598	1.63	0	154.5219	7.9398	1.3163	0.4284	0.36	1.8058
ACTG1	53008.5269	91177.814	101164.0979	177436.4915	79073.1915	81289.3386	100555.0122	71007.8452	103222.435	75340.005	70620.8145	95921.705	61964.1796	77873.1722
ACTG2	252.6349	279.4997	83.4089	2005.3786	235.7447	72.1513	247.7588	66.4226	6172.7672	2711.7691	448.2106	632.3237	183.6018	479.2495
ACTL6A	1448.601	1272.4307	1275.612	1170.4592	1094.4681	1058.2197	1009.78	1668.9331	1142.0205	954.0981	1272.2336	1239.3716	938.5294	1485.7819
ACTL8	2.068	0	20.8522	65.3703	0.4255	0.5866	0	0	0	0.6616	0.6582	2.142	1.8	0
ACTN1	5449.056	5684.6112	5663.6446	9787.7534	7279.5745	7924.3291	5735.9413	4929.9163	9879.4909	9247.8703	8169.1485	6303.5304	5134.3713	10336.5491
ACTN2	3.1019	1.0875	8.1596	0	0	1.1732	10.5949	0	0.901	2.9774	8.5561	5.1408	0.72	3.2504
ACTN3	1.3786	1.6313	1.8132	2.8962	0.8511	0.5866	0	0	0	1.3233	3.2908	1.7136	0.72	0.7223
ACTN4	7890.1745	11765.2311	11194.4062	12244.5056	12815.8	9130.0953	8063.586	8231.2814	21022.7278	12702.0925	10838.6179	11746.2908	12934.4181	9905.3365
ACTR10	850.2733	1086.46	572.0762	956.5577	1114.8936	1027.1301	1060.3097	1140.6904	923.5274	1182.367	850.3497	1009.3188	993.9699	980.8905
ACTR1A	2475.3397	3218.5971	1905.7117	3710.7985	2589.7872	2799.2374	3011.4099	1367.1548	2176.3712	2782.5655	2897.9021	3264.0069	3171.6317	3816.6609
ACTR1B	1396.9022	2559.5432	1794.1976	1174.1829	1194.4681	1596.7151	1196.414	1820.6067	1356.0086	1198.9083	1040.8885	1116.4197	1504.455	1152.7992
ACTR2	4257.2258	5848.2871	5219.4016	4937.9396	4291.4894	3927.8487	4950.2852	1650.6276	4350.0394	7168.9687	6416.7832	5164.4052	7091.7109	8614.5734
ACTR3B	359.8238	144.6438	153.2185	135.2917	235.3191	197.0963	158.1092	273.0126	886.5863	184.6001	197.7787	268.1806	141.4814	122.4307