	A0CE	A0CH	A0D9	A0DB	A13E	A13F	A13G	A23H	A2FB	A2FF
A1BG	154.473	109.3484	15.7841	19.0722	41.5445	67.5258	17.4868	38.5795	75.5676	87.5849
A2LD1	119.581	111.9699	105.5041	153.567	122.7455	112.7885	114.4124	76.2072	73.6582	76.5467
A2ML1	16.8254	19.5581	22.9124	9.7938	3.9032	9.8788	1.6267	33.9923	11.1253	17.3258
A2M	40198.2063	32634.9299	44700.9521	41867.0567	50626.1321	30585.357	41476.405	37640.8373	43303.4565	36954.5029
A4GALT	627.3016	924.1185	542.7699	648.4536	505.9505	469.2411	377.7959	276.59	489.5114	329.4704
A4GNT	1.9048	0.3761	19.3483	3.0928	1.9516	0.449	4.0667	1.0734	1.8041	0.2794
AAAS	780	815.7969	595.723	557.2165	612.8003	672.6538	524.1968	473.0298	582.4224	698.902
AACS	1132.0635	2177.7151	710.7943	1265.4639	1615.4312	1501.5716	1621.7975	1001.8785	847.9252	2725.7459
AADAC	19.6825	101.9276	619.1446	371.6495	45.8624	208.352	433.9162	219.6976	88.4007	0.8383
AADAT	58.7302	250.8698	78.9206	56.1856	53.6688	86.2146	80.9272	98.041	67.3529	143.3574
AAGAB	1448.8889	1077.9502	673.6253	807.732	947.0106	733.7225	706.7914	1015.1176	1018.1116	1282.1122
AAK1	966.9841	828.5849	1032.0774	1192.268	1302.6884	1044.9035	2246.4416	1168.9775	966.9956	1115.5606
AAMP	2770.7937	2588.0583	1977.5967	1855.1546	1445.1547	1655.1414	1468.4831	1089.1851	1972.1778	2049.4792
AARS2	485.0413	349.5477	225.555	251.5464	205.815	345.7566	179.7397	234.0066	318.42	437.8575
AARSD1	692.6984	574.33	478.6151	402.0619	362.5084	415.806	355.429	373.5576	464.2541	597.1826
AARS	3063.1746	3213.9163	3248.4725	2707.732	3263.5517	3305.3435	2511.5901	2122.5512	2823.7112	2995.6937
AASDHPPT	655.5016	662.3413	599.2872	679.8969	740.1417	720.2515	926.7995	899.9016	702.5662	879.7056
AASDH	314.9206	256.1354	315.1731	250	348.3594	398.2937	377.7959	453.35	350.2953	357.1359
AASS	592.6984	347.5317	664.4603	759.7938	458.6244	519.533	2510.7767	922.0861	490.1128	502.7288
AATF	1138.7302	1040.7146	1019.8574	960.8247	593.2843	725.6399	684.0179	803.2919	969.7017	870.2043
AATK	91.746	43.6483	30.0407	33.701	37.0803	53.8841	18.7068	22.5423	45.1235	43.6108
ABAT	1226.3492	619.464	224.5418	264.433	485.4588	272.564	482.7166	457.286	657.2924	1002.1043
ABCA10	164.127	244.0997	244.3992	321.134	271.2715	528.9627	810.4921	517.3987	275.8463	238.37
ABCA11P	151.2349	93.1453	89.2159	78.433	104.9616	119.6632	164.8963	168.3227	129.8679	156.8072
ABCA12	194.9206	280.583	4.5825	3.0928	35.1287	9.8788	0	36.1392	18.3416	783.8546
ABCA13	8.5714	3.385	9.6741	3.0928	16.1006	5.8374	0.4067	49.7361	1.8041	49.7419
ABCA17P	11.1111	6.7701	4.5825	3.0928	4.879	8.5317	6.5067	7.8719	5.4123	4.4712
ABCA1	719.9524	1714.2793	3383.7984	7357.8763	4199.2333	1763.3229	7194.9858	1913.5558	1638.0893	1343.0041
ABCA2	1164.7619	1581.5703	1626.2729	979.3814	1973.0607	1634.9349	1793.8186	1019.4114	1368.407	1582.2405
ABCA3	1494.9206	1934.7438	933.8086	801.5464	965.5507	1284.6879	1151.281	802.5763	899.0413	1829.5529
ABCA4	153.6508	39.8684	7.6375	24.7423	106.3618	57.4764	28.8735	202.8804	89.0021	56.7282
ABCA5	626.6667	602.5388	943.9919	737.6289	726.9685	966.3224	1115.0874	1035.8708	543.514	728.2442
ABCA6	335.5556	524.3065	1182.7902	1309.7938	1004.5826	1127.0768	1929.6462	963.2346	1058.1024	297.6132
ABCA7	387.9365	479.5487	205.7026	241.2371	329.8192	362.3709	261.8951	147.4193	279.0335	260.4465
ABCA8	773.3333	1976.8688	5814.664	4790.2062	4396.9394	2976.6502	7367.2224	2817.0677	1972.4785	956.2746
ABCA9	396.1905	1042.5952	2514.7658	2755.1546	853.3341	1022.9008	3270.8418	3228.5535	1528.0695	464.7238
ABCB10	256.1905	325.717	374.7454	492.268	376.6575	410.8666	594.5506	435.1015	382.7691	499.9343
ABCB11	1.5873	2.2567	18.8391	30.9278	2.9274	5.3884	92.3139	2.8625	3.3075	0.2794
ABCB1	468.254	152.7033	206.2118	141.7526	209.7963	255.5007	185.8479	366.4013	328.3455	642.1739
ABCB4	21.9048	22.9431	64.1548	13.9175	13.1733	24.2479	21.9601	35.7814	29.7676	19.282
ABCB5	96.8254	136.5303	56.0081	80.4124	78.0637	32.3305	130.9475	325.6105	107.043	26.5477
ABCB6	442.2286	839.3907	715.3106	849.3711	624.5245	518.0242	529.9512	313.1622	375.0475	527.175
ABCB7	519.0476	521.2976	606.9246	543.8144	460.576	492.1419	838.5523	679.8461	509.0558	492.1098
ABCB8	571.1111	608.5567	391.5479	411.8557	456.1849	392.4562	287.9219	195.7241	346.6872	489.5947
ABCB9	103.9873	109.149	48.2841	37.2268	85.1675	139.5195	44.327	79.1591	116.3702	169.7876
ABCC10	365.3968	310.6723	216.9043	273.1959	317.6218	391.5581	216.7548	237.9461	291.9629	414.9818
ABCC11	439.0476	2872.4024	3.5642	0.5155	234.1912	5.8374	17.0801	473.0298	150.642	2935.0532
ABCC12	3.4921	27.8326	0	0	1.9516	0.8981	0	3.5781	0.6014	45.5502
ABCC13	0	2.2567	0	0.5155	0.4879	1.3471	0.8133	1.7891	0	0.2794
ABCC1	923.4921	1428.8669	1453.666	2343.299	1499.7994	1290.9744	848.3123	1176.1338	1013.6014	1351.1361
ABCC2	9.2063	70.3338	46.334	58.7629	19.5159	30.9834	55.7137	19.6798	36.984	60.361
ABCC3	644.7619	1081.7113	199.5927	234.0206	408.8588	678.9403	40.6669	411.8436	510.2585	612.5523
ABCC4	138.0952	200.094	113.5438	229.3814	169.7886	131.1181	126.4742	172.1084	184.9199	472.2689
ABCC5	739.6825	668.7353	592.1589	1163.4021	610.3608	860.7993	655.9577	869.8452	524.3906	1029.4903
ABCC6P1	6.3492	18.8058	12.7291	30.4124	34.1529	57.9255	37.8203	1.0734	12.0273	3.6328
ABCC6P2	22.8571	61.307	70.7739	11.8557	65.3784	67.3552	41.0736	11.8079	27.0614	11.7369
ABCC6	141.5873	540.4795	704.6843	208.7629	872.85	558.599	950.793	86.9487	197.5485	149.5052
ABCC8	307.3016	68.4532	5.0916	2.5773	96.116	38.617	4.0667	20.0376	33.6765	440.1322
ABCC9	268.254	510.3902	3597.7597	3332.9897	2049.6607	956.4436	5119.5608	1234.4575	865.0641	205.1156
ABCD1	243.8095	653.6906	565.6823	810.8247	370.3148	389.762	644.9776	162.0896	216.1909	227.4715
ABCD2	26.3492	227.9267	1258.1466	617.5258	1238.7738	712.6179	3309.0687	123.4457	187.9267	27.9449
ABCD3	3005.7143	1226.8923	1147.1487	939.1753	1444.1789	1125.7297	1340.7889	1414.08	1365.4001	1949.4365
ABCD4	790.1587	759.3794	661.4053	808.7629	708.9162	756.6233	786.4986	554.9691	816.6542	627.0836
ABCE1	1261.2698	1050.4937	1162.4236	1222.6804	1349.0388	1304.8945	1370.4758	1947.2225	1384.6438	1877.8975
ABCF1	1614.2857	1677.8561	1554.9898	1344.8454	1260.7292	1289.1783	1132.9809	1043.7427	1398.4752	1707.9925
ABCF2	1416.1905	1202.0686	1101.3238	1063.4021	1216.8183	1042.2093	802.3587	1121.0305	1132.6717	1487.5072
ABCF3	1116.8254	1102.0216	942.9735	706.1856	786.492	863.9425	627.4908	562.4832	832.2897	902.0615
ABCG1	507.619	725.1528	281.5682	948.4536	703.5493	548.7203	532.3302	623.6694	660.9006	661.7353
ABCG2	229.2063	179.4076	146.1303	200	141.9784	179.1648	218.7881	351.7309	255.2796	274.1395
ABCG4	5.0794	3.0089	2.5458	2.5773	4.3911	4.4903	3.66	2.5047	3.9089	3.9123
ABCG5	1.2698	1.8806	1.0183	0.5155	2.4395	3.1432	8.1334	4.2938	2.4055	0.8383
ABHD10	646.9841	665.3503	674.1344	565.9794	687.4487	667.7144	639.2843	827.6232	669.9211	696.6665
ABHD11	685.0794	601.0343	150.7128	170.1031	262.0014	434.6655	176.0878	325.9683	317.2202	586.5635
ABHD12B	2.8571	7.5223	22.9124	1.5464	9.2701	12.573	13.8268	5.725	5.1116	2.7945
ABHD12	1099.3651	1466.8547	1044.2974	1492.268	834.794	797.0364	723.4648	778.9606	945.3464	859.8647
ABHD13	498.0952	428.7729	382.3829	480.9278	432.2779	404.5802	646.1976	644.0648	508.4544	519.7752
ABHD14A	320.3175	452.0921	391.9196	290.8041	445.4658	373.7494	400.976	363.9395	309.7032	238.9429
ABHD14B	2236.1905	3472.3084	3557.5356	2933.5052	3210.3708	3479.5689	4353.3957	2892.9242	2638.19	1922.6094
ABHD15	360.3175	868.8293	1525.4582	1088.1443	1071.9125	785.3615	2986.1732	372.1263	505.1469	311.8651
ABHD1	26.3492	35.7311	41.7515	54.6392	89.7733	46.6996	125.6608	24.3313	35.7812	7.5451
ABHD2	2079.3651	2360.8839	2742.8717	2570.6186	2808.8305	2853.1657	2395.2826	4352.8044	3136.4212	4171.6152
ABHD3	341.5873	460.3667	272.9124	436.0825	338.1135	213.7405	587.6373	235.7993	233.0291	335.8977
ABHD4	870.4762	1226.1401	2185.8452	1259.2784	1453.449	1035.0247	1063.4404	1099.2039	1028.6355	731.3181
ABHD5	916.5079	893.653	1917.0061	1251.0309	998.7278	1327.3462	5661.2444	1316.039	811.8433	918.2695
ABHD6	172.0635	430.6535	552.9532	492.7835	563.0346	355.1863	744.6116	234.7258	354.8056	236.9728
ABHD8	332.0635	278.7024	134.9287	135.567	160.0306	145.0382	145.9943	178.5491	227.3161	202.88
ABI1	1177.0317	1125.6869	1145.112	1464.433	1313.9101	1333.6327	1291.1753	1856.8244	1648.2433	1632.2367
ABI2	1523.1746	940.6676	648.167	796.3918	1104.6017	1411.3157	957.7064	2499.3291	1715.0941	2197.0283
ABI3BP	1075.5556	1877.1979	5065.1731	8382.4742	2669.2916	1307.5887	2877.9992	6464.2634	3013.442	1518.2466
ABI3	350.1587	269.6756	150.7128	207.2165	145.8816	132.9142	57.7471	145.988	243.553	316.0569
ABL1	2372.0635	2778.7494	2913.442	3171.134	3133.7707	3154.9169	2264.7418	2713.6595	3363.136	3094.6186
ABL2	942.2222	727.4095	1094.1955	1260.8247	1073.3762	1110.4625	1174.4612	1057.3397	909.5652	744.1728
ABLIM1	3618.4127	6155.5242	10234.7251	9298.9691	7670.737	7773.2375	9169.1745	10940.1556	8823.8345	4148.9799
ABLIM2	135.2381	124.4946	117.1079	63.4021	111.7287	83.9695	57.3404	54.3877	99.526	60.9199
ABLIM3	1340.3175	2132.9572	3578.4114	3113.4021	3758.2805	3092.5011	5562.0171	1536.8101	1576.4794	1554.2956
ABO	61.5873	19.5581	16.8024	26.2887	21.9554	22.4517	9.7601	26.4782	15.6355	18.4436
ABP1	13.3333	5.2656	16.8024	6.1856	19.028	8.9807	0	7.1563	16.8382	22.0765
ABR	2407.9365	2107.3813	1561.609	2078.866	1869.1384	2088.0108	1972.3465	1876.7332	2209.1158	2502.7456
ABT1	648.5714	592.0075	419.0428	309.7938	411.7862	480.916	342.4156	456.2125	552.3541	483.7263
ABTB1	701.2698	895.9097	817.2098	740.2062	492.2894	760.2155	668.5645	357.4559	644.0623	389.8314
ABTB2	68.254	144.4288	97.7597	57.2165	168.3249	356.5335	38.6336	215.0461	120.2731	173.2584
ACAA1	1996.1905	2230.3714	1522.4033	1320.1031	1293.4184	1210.5972	1220.0081	678.7727	1099.8973	1155.2423
ACAA2	1571.1111	2839.3042	4564.664	4989.1753	3595.8104	3651.5492	8032.9402	1918.9552	2346.2271	1165.8614
ACACA	1986.9841	2153.6436	3095.723	2398.9691	5182.4557	2982.9367	7055.307	1956.8834	1844.087	3466.5653
ACACB	1132.381	5794.0762	15134.9287	14816.4948	10127.3049	8655.1414	40829.6055	2293.2284	3699.2993	887.8096
ACAD10	546.9841	555.5242	631.3646	436.5979	496.1926	629.9955	678.3245	389.6592	481.393	531.5121
ACAD11	514.5873	600.2821	1608.4521	725.7423	1058.2368	933.5429	1846.2708	522.0503	520.7734	416.6585
ACAD8	703.1746	602.5388	456.2118	478.866	551.3251	608.4419	770.6385	536.3628	595.6524	736.3482
ACAD9	902.5333	1193.0343	1304.4756	922.1495	1347.0774	1172.8693	1102.0699	811.4071	1075.539	881.1475
ACADL	33.9683	256.8876	680.2444	374.2268	422.032	338.123	865.3924	142.0521	162.3687	80.4813
ACADM	1023.8095	1466.8547	2004.0733	1282.9897	1603.7217	1378.0871	4366.0024	1044.1005	1105.3096	1407.0259
ACADSB	2791.746	1596.2388	1428.7169	695.3608	1551.0287	1215.0876	2958.9264	1704.9826	2061.1799	1192.409
ACADS	824.4444	1645.8862	1576.3747	1665.9794	1149.9763	1000.449	1543.3103	276.59	679.2422	333.6622
ACADVL	8942.1492	8381.6756	7975.0255	7596.9072	5797.6417	7672.1643	7105.3274	2934.0728	5298.8591	4840.0042
ACAN	61.5873	7.1462	6.11	14.433	23.4191	4.9394	32.5336	23.2579	20.4464	8.3835
ACAP1	146.6667	189.5628	38.6965	34.5361	56.5962	58.3745	35.7869	32.5611	101.6308	130.5027
ACAP2	899.3651	1035.449	1550.4073	1702.0619	1623.2376	1215.9856	2167.1411	1574.3805	1356.981	1367.0647
ACAP3	502.2603	584.1091	429.2261	387.1598	329.8192	546.502	334.3188	265.8878	376.5028	454.6831
ACAT1	1388.254	2214.1984	3866.0896	2849.4845	2754.1859	1924.1132	6008.1334	1798.3719	1787.8593	1021.3862
ACAT2	432.9524	318.4316	337.9124	188.9948	310.8156	327.5752	399.3819	318.9552	310.2324	498.4728
ACBD3	1048.8889	1149.4123	1124.2363	1272.1649	1054.3482	1029.6363	1203.7414	1303.1577	1307.6691	1474.6526
ACBD4	361.2698	398.3075	359.9796	234.0206	295.1785	342.6134	213.5014	198.2288	273.6213	179.9652
ACBD5	621.9048	679.6427	1163.9511	910.8247	878.7048	787.1576	1300.5287	660.1664	665.1101	643.2917
ACBD6	534.6032	454.3488	368.6354	319.0722	274.6867	286.4841	296.0553	298.4167	374.35	342.0456
ACBD7	33.6508	19.9342	8.6558	6.1856	19.028	17.5123	8.1334	91.9581	34.8792	79.9224
ACCN1	8.254	3.7612	0	3.6082	1.4637	2.6942	0.4067	10.3766	18.6423	0.8383
ACCN2	130.4762	68.8293	79.4297	155.1546	76.6	167.9389	103.294	108.4176	163.8721	226.3537
ACCN3	7.9365	8.6507	10.1833	0.5155	2.4395	8.9807	3.2534	3.5781	4.8109	7.5451
ACCN4	1.9048	4.1373	0	0	0.9758	2.2452	0.4067	0.3578	0.6014	1.9561
ACCS	608.254	450.2116	335.5397	247.4227	277.1262	350.247	459.5364	240.093	258.2864	217.9702
ACD	453.6508	356.1824	206.2118	190.2062	248.8281	350.696	192.3546	315.9495	344.2817	338.6922
ACE2	11.1111	13.5402	49.389	4.6392	26.3465	31.4324	27.6535	60.8283	20.7471	26.8271
ACER1	0.6349	1.5045	0	0	0.4879	0.8981	0	1.0734	1.2027	5.589
ACER2	96.1905	122.2379	349.2872	258.2474	212.2358	185.9003	660.4311	142.0521	125.084	148.6669
ACER3	297.7778	352.0451	976.0692	955.6701	1153.3916	796.1383	1744.205	408.6233	449.8213	493.507
ACE	506.6667	1177.6211	1081.9756	1840.7216	1455.4006	1179.6138	1134.6076	987.2082	1071.6331	537.3805
ACHE	22.5397	49.6474	16.8024	3.6082	7.3185	36.3718	4.88	6.0828	15.3348	21.2381
ACIN1	3377.1429	2817.8655	2411.9145	2717.5258	2003.3104	2700.943	2205.368	2400.5725	2508.8964	3242.1677
ACLY	3405.7143	3383.921	2682.7902	3127.8351	5707.4342	4555.9048	3013.0134	2524.7339	2918.4263	4228.3434
ACMSD	26.3492	9.4029	0	0	2.4395	0.8981	0.4067	0.7156	4.8109	1.6767
ACN9	176.1905	146.6855	125.2546	116.4948	144.9058	122.1374	148.841	127.3817	174.9973	221.6031
ACO1	1349.8413	4737.9408	11869.6538	7382.9897	8152.7805	4434.6655	12373.7292	1919.313	2495.6664	1223.9868
ACO2	2553.8571	3772.0733	4526.8839	2837.8402	4132.0399	3968.1365	5541.647	1661.3221	2532.6203	2259.9742
ACOT11	48.8889	42.0235	8.4521	27.8351	16.0177	27.3911	18.7068	29.6628	46.3051	34.6517
ACOT13	631.0794	700.1561	945.6314	825.0567	710.0628	646.978	868.8369	579.2325	589.7109	555.5866
ACOT1	672.6984	1592.1016	1888.4929	1508.7629	1344.1598	1471.9353	2784.8719	445.8359	866.8682	411.9079
ACOT2	391.4286	928.2558	1412.9328	930.4124	525.4665	806.4661	1521.7568	255.479	442.3043	273.0217
ACOT4	203.4921	271.9323	311.609	158.2474	241.0218	212.8424	310.6954	60.4705	131.3983	122.1192
ACOT6	3.1746	7.1462	26.9857	9.7938	8.2943	13.022	20.7401	2.8625	3.0068	0.8383
ACOT7	461.5873	351.669	222.5051	353.0928	266.8804	198.9223	123.6275	163.5209	287.4527	402.6861
ACOT8	294.5111	253.8298	183.442	197.6237	210.5964	249.771	196.6938	178.0624	200.1975	283.0064
ACOT9	415.873	593.1359	687.8819	808.2474	716.2347	629.0974	643.351	672.6899	668.117	527.3203
ACOX1	1376.7968	2953.0569	4675.5143	3326.2887	3923.6781	3013.471	5173.9772	1854.1909	2467.7029	1472.6964
ACOX2	332.381	399.0597	637.9837	355.6701	390.3186	351.145	633.5909	328.8308	317.8216	203.9978
ACOX3	654.2857	780.8181	490.3259	381.4433	560.5951	502.9187	364.3758	527.4175	492.8189	730.4798
ACOXL	1.2698	1.5045	3.055	3.0928	1.9516	1.3471	0.8133	1.0734	0.6014	1.1178
ACP1	1268.254	1117.8185	1002.0367	954.1237	1058.2514	1136.0575	1073.6072	1385.4549	1174.4666	1348.9005
ACP2	1187.3016	1545.4631	1126.2729	1552.0619	1252.9228	1071.8455	850.7523	671.2586	899.342	1133.4453
ACP5	1320.9524	2271.7442	1047.8615	2448.4536	1027.0259	543.7809	248.8817	752.4823	687.6613	2550.2519
ACP6	205.0794	555.9003	160.387	113.9175	134.6599	322.8559	157.381	274.0853	256.1817	222.4414
ACPL2	488.254	344.8989	264.7658	331.9588	340.0651	297.2609	226.5148	594.3287	405.0196	1356.1662
ACPP	36.5079	56.0414	20.8758	51.5464	25.8586	10.3278	7.32	30.772	27.0614	25.4299
ACRBP	24.7619	33.0983	50.4073	56.701	24.8828	27.8401	19.1135	18.2485	35.7812	28.5038
ACRC	26.9841	14.6685	24.9491	26.8041	17.5643	14.3691	40.6669	30.4142	18.3416	31.2983
ACRV1	0.9524	0	0	0.5155	0.9758	0	0.8133	0.7156	0.6014	1.9561
ACR	4.4444	8.2746	7.6375	9.2784	7.8064	7.6336	9.3534	3.936	7.5171	2.2356
ACSBG1	13.3333	78.9845	18.3299	12.8866	13.1733	14.3691	11.7934	28.6251	26.4601	13.693
ACSBG2	7.619	5.0776	3.5642	0	1.4637	4.0413	1.6267	7.5141	2.1048	2.515
ACSF2	1588.5714	1803.4791	1517.3116	1087.1134	981.1635	1478.2218	2364.3758	529.2065	740.9122	841.7005
ACSF3	472.381	383.2628	279.5316	267.0103	222.4816	314.3242	258.2351	165.6678	286.5506	375.859
ACSL1	2680.9524	13601.8806	41042.2607	28717.0103	42020.2405	35066.4571	88008.5401	5452.366	8589.9034	2886.7086
ACSL3	3615.873	5552.2332	1933.8086	2411.3402	3099.13	2409.9686	1919.0728	3137.311	2526.336	6971.4152
ACSL4	1052.6984	1574.8002	2809.5723	3653.0928	2400.9475	1862.1464	2451.403	2550.1387	1779.4402	1548.986
ACSL5	857.7778	1032.4401	954.6843	1175.2577	968.966	882.3529	936.5596	1145.7197	899.9433	801.4598
ACSL6	5.7143	5.6417	1.5275	1.5464	2.4395	5.8374	0.4067	4.2938	4.5102	22.3559
ACSM1	34.9206	5884.3441	0.5092	1.5464	11.7096	23.3498	0.4067	31.1298	69.4577	218.8086
ACSM3	186.9556	511.7931	11.1965	5.4536	26.8832	64.9798	13.6072	202.5655	111.8119	270.3893
ACSM5	97.4603	387.4001	1359.4705	1585.0515	584.0143	158.5092	1865.7991	109.491	258.8878	70.1417
ACSS1	1026.9841	992.9478	338.5947	559.7938	520.5875	729.6812	447.743	639.771	693.9757	750.6001
ACSS2	1106.0317	2965.3032	6902.7495	5257.732	5176.6009	3129.322	8939.4063	1910.7255	2045.2437	1071.9665
ACSS3	246.0317	527.3155	1563.6456	1074.7423	812.8386	249.6632	3765.7584	523.8393	362.022	425.042
ACTA1	6.6667	61.6831	1.5275	0	1.4637	4.4903	0.8133	27.1938	52.3188	14.8108
ACTA2	44140.0794	16771.4227	3202.6578	4907.3711	18190.8341	16951.3606	5650.9882	34869.6985	44806.01	26494.2364
ACTBL2	1.5873	9.0268	0	0	0.4879	1.7961	0	10.7344	4.8109	6.1479
ACTB	82066.6667	103656.9817	64842.668	83073.1959	74102.9685	70203.8617	46972.3465	80465.1579	99917.4626	82314.5087
ACTC1	17.4603	1.1283	2.5458	2.5773	17.5643	3.1432	27.6535	11.0922	37.5853	1.1178
ACTG1	56108.5714	60421.6267	32175.1527	41863.9175	40198.4282	47939.3803	25311.9154	53620.1807	59725.5068	62662.814
ACTG2	8744.127	4360.3197	181.7719	215.9794	3967.5889	3226.7625	327.3688	8815.8154	17234.531	4544.4003
ACTL6A	701.2698	615.7029	572.8106	577.8351	630.8525	562.6403	545.3436	919.2235	748.6999	1075.5993
ACTL8	0	1.1283	0	0	0	0	0.4067	0.7156	0	0.5589
ACTN1	10773.9683	7675.7875	5582.9939	3022.6804	8627.9934	8806.0171	3459.5364	7866.5355	12030.6155	10733.917
ACTN2	0.9524	0.3761	1.5275	4.1237	1.4637	1.7961	8.1334	2.1469	5.1116	0.5589
ACTN3	2.2222	3.385	1.5275	0.5155	1.9516	0.449	1.6267	1.0734	2.7061	0.8383
ACTN4	11032.9556	11164.9459	10318.5183	7088.1031	10572.1608	9910.1661	6056.8564	8207.2565	12681.0644	9661.8695
ACTR10	1279.3651	1131.3587	1080.9572	1159.2784	1189.9839	1011.6749	1333.0622	1439.1269	1252.0428	973.8799
ACTR1A	2555.5556	3693.465	3701.1202	3491.2371	3366.9861	3226.7625	2707.198	2345.4692	2889.8614	2562.5477
ACTR1B	1724.127	1599.6239	1330.4481	1221.134	1174.3712	1475.9767	929.6462	943.5549	1597.5272	1363.7113
ACTR2	3920	4545.3691	5954.6843	7565.4639	5608.3909	3940.2784	5772.2651	6362.6442	5092.9636	6174.9854
ACTR3B	272.381	130.5125	80.9572	56.1856	103.9223	122.5864	94.754	162.8053	161.1659	297.3338
ACTR3C	44.127	25.5759	25.4582	23.7113	20.4917	17.0633	14.6401	24.3313	44.2004	45.2707
ACTR3	2692.6984	2759.1913	2766.8024	4159.7938	2864.9388	2167.9389	2422.5295	3859.3792	3303.3001	4057.6
ACTR5	219.6825	199.3418	131.8737	125.7732	157.5911	164.7957	145.9943	186.0632	195.4438	192.8198
ACTR6	592.0635	484.4382	378.3096	362.8866	414.7135	521.3291	614.8841	661.5976	523.7893	567.561
ACTR8	415.5556	404.3253	456.2118	373.7113	447.4027	469.6902	465.2298	527.4175	503.3428	570.3555
ACVR1B	1079.3651	1012.882	982.6884	776.8041	1025.5622	1210.1482	776.7385	966.8128	1113.428	1071.6871
ACVR1C	57.7778	761.26	3481.6701	2986.0825	2052.1002	1602.6044	15144.7743	1173.6291	681.9484	28.2244
ACVR1	1210.1587	998.2134	992.3625	1519.5876	1088.0132	991.4683	1202.5214	1514.2678	1364.1974	1393.6124
ACVR2A	447.9365	344.5228	452.6477	514.9485	578.1595	501.1226	573.8105	797.9247	612.7913	701.1376
ACVR2B	295.5556	230.1834	314.1548	333.5052	321.525	384.8226	387.5559	703.104	399.3066	383.6835
ACVRL1	940.9524	1567.654	1251.0183	2409.2784	1629.0924	1063.7629	1417.6495	758.5652	1304.0609	1023.3424
ACY1	846.3492	948.1899	558.6914	505.5876	773.3042	794.6385	1076.0472	388.5428	538.222	890.0312
ACY3	25.7143	19.9342	0	0	1.4637	12.573	0	41.8642	15.9362	15.3697
ACYP1	88.5714	50.7757	26.9857	56.701	11.2217	74.0907	39.4469	55.1033	58.9338	61.7582
ACYP2	166.3492	220.0282	266.2933	215.4639	245.4128	209.2501	253.355	155.649	159.0611	136.6506
ADAD2	3.473	2.2567	0	1.5464	3.9032	6.7355	0.4067	1.0734	4.5373	2.9119
ADAL	217.7778	216.267	225.0509	271.134	252.2434	197.5752	376.5758	151.713	198.7513	152.2997
ADAM10	1403.8095	1036.9535	1099.7963	1762.3711	1583.7179	1327.7952	1382.2692	2227.3906	1582.1924	2593.846
ADAM11	19.3651	7.5223	6.11	4.1237	3.9032	16.6143	6.5067	5.0094	7.8178	26.5477
ADAM12	930.1587	914.3394	2175.6619	1125.2577	1829.1307	1548.7203	1152.9077	120.2254	249.266	4422.5605
ADAM15	2717.8444	4621.1678	2304.4807	3077.8351	3514.8193	3078.6125	2526.2302	2102.5136	3119.3184	3058.0332
ADAM17	700	561.5421	578.9206	792.7835	730.8716	697.3507	569.7438	902.4063	722.2398	1076.9966
ADAM19	99.0476	227.5505	118.6354	180.9278	167.837	91.6031	116.3074	166.3834	168.3823	356.0181
ADAM20	1.9048	2.2567	0	6.701	2.4395	2.2452	3.66	4.6516	1.8041	1.6767
ADAM21P1	0.6349	2.6328	1.5275	0	0.4879	2.2452	2.44	1.7891	1.2027	1.3972
ADAM21	11.1111	4.1373	5.6008	2.5773	5.3669	2.2452	10.1667	7.1563	4.5102	4.7506
ADAM22	30.1587	31.2177	380.8554	82.4742	191.744	67.8042	78.4872	99.1144	64.9475	79.643
ADAM23	28.8889	59.8025	45.8248	106.1856	96.116	9.8788	70.3538	20.0376	98.0226	99.4839
ADAM28	246.0317	85.7546	21.3849	7.732	74.6484	64.661	10.5734	124.5192	162.3687	309.0706
ADAM29	2.5397	0.3761	0	0	0	0	0	0.3578	3.3075	3.0739
ADAM32	14.9206	41.3728	13.2383	26.8041	29.2739	40.4131	30.5002	26.1204	37.2847	58.6843
ADAM33	828.7016	690.174	540.8401	648.2938	652.8079	886.3943	560.2318	742.8214	821.6606	494.7282
ADAM6	73280.473	73793.0606	1735.6008	410.0567	15746.2978	68355.8689	2362.196	39640.712	132238.255	101909.2601
ADAM8	117.4603	225.67	92.1589	31.9588	52.693	59.2726	11.3867	35.4236	85.0932	238.37
ADAM9	1595.2381	1838.834	2218.9409	4081.9588	2361.9156	1535.6982	2449.7763	2271.4017	2210.6192	3087.6324
ADAMDEC1	11.4286	48.519	3.055	1.5464	7.8064	0.449	0.4067	3.5781	2.4055	248.1507
ADAMTS10	128.5714	419.7461	382.8921	150	235.167	331.8366	99.2273	78.0034	198.1499	120.722
ADAMTS12	47.9365	139.1631	658.3503	363.9175	491.3136	338.123	582.7572	85.5175	124.4826	485.403
ADAMTS13	129.5238	47.3907	28.5132	25.2577	21.4675	62.8648	32.5336	16.4594	26.4601	64.5527
ADAMTS14	39.0476	5.2656	5.6008	132.4742	29.2739	7.1846	7.32	5.725	8.4191	103.955
ADAMTS15	382.8571	429.9013	574.8473	411.8557	615.7276	369.1064	370.4758	69.7737	207.1704	368.5933
ADAMTS16	98.0952	113.2111	76.3747	538.1443	721.1137	115.4019	188.2879	257.9837	238.4414	201.7622
ADAMTS17	89.8413	47.3907	26.4766	55.1546	31.2255	26.493	21.5535	56.1768	31.271	58.1254
ADAMTS18	24.127	68.4532	125.7637	211.8557	251.7555	104.6251	115.4941	15.7438	32.7744	380.6096
ADAMTS19	2.5397	4.8895	2.0367	36.0825	4.879	4.0413	0.4067	3.936	2.4055	40.2407
ADAMTS1	3596.8254	4268.9234	7170.5703	4331.9588	4726.7587	4845.0831	3951.1997	1621.612	3138.526	1695.1379
ADAMTS2	567.3016	847.7668	1378.8187	1796.9072	1349.0388	1216.8837	605.5307	536.7206	721.0371	542.1311
ADAMTS3	102.2222	65.0682	160.8961	81.4433	139.5389	67.3552	231.8015	435.4593	230.0223	123.7959
ADAMTS4	235.873	254.2548	408.8595	240.2062	510.3416	332.7346	169.9878	23.9735	96.2185	258.7698
ADAMTS5	1400.9524	1906.1589	2656.8228	8410.8247	3519.6983	3348.0018	2944.693	3399.9463	2882.645	1123.944
ADAMTS6	35.5556	24.8237	53.9715	117.5258	35.1287	28.2892	20.3335	35.4236	44.501	32.6955
ADAMTS7	69.5238	217.3954	174.6436	195.8763	175.6434	140.0988	105.734	46.8736	85.6946	179.9652
ADAMTS8	492.381	47.7668	11.7108	13.9175	48.7898	19.3085	2.44	27.5517	59.8359	502.4494
ADAMTS9	752.381	547.6258	705.1935	784.0206	1028.9775	627.7503	1165.5144	454.0657	638.0487	1640.9248
ADAMTSL1	154.9206	175.6465	234.2159	688.6598	699.6462	151.3247	493.6966	742.4635	585.7299	252.9014
ADAMTSL2	68.5714	72.5905	58.0448	63.4021	147.8332	65.559	52.867	28.6251	126.2867	28.2244
ADAMTSL3	72.0635	148.5661	386.4562	827.3196	663.0538	321.5088	914.1928	366.7591	551.1514	244.2385
ADAMTSL4	543.4921	1169.7226	1520.8758	2386.0825	1199.7419	782.6673	1836.9256	1458.4489	1632.1057	312.7035
ADAMTSL5	102.2222	59.4264	17.8208	52.5773	54.6446	21.1046	22.3668	72.2784	46.6058	80.7608
ADAP1	210.6317	199.2929	112.0978	167.3247	108.5574	84.1311	30.2237	44.5514	113.2972	100.3026
ADAP2	337.1429	428.0207	437.3727	855.1546	517.1722	386.1697	350.9557	256.5525	403.8169	372.5056
ADARB1	783.4921	871.8383	839.613	789.1753	1112.896	818.59	851.5657	700.2415	777.2648	721.5374
ADARB2	7.3016	10.5313	2.5458	7.2165	0.9758	8.0826	0	6.0828	1.5034	4.1917
ADAR	6880.9524	5575.9285	4862.5255	5496.9072	6169.9618	5691.9623	7013.8268	8047.2314	6857.3697	8603.1181
ADAT1	289.5238	204.9835	367.1079	348.9691	353.7263	325.101	428.6295	272.2963	242.9516	363.8426
ADAT2	144.4444	113.9633	89.613	132.4742	110.265	175.1235	177.7145	229.0008	120.5738	242.5618
ADAT3	51.746	49.2713	11.7108	14.433	19.5159	15.7162	8.9467	11.45	27.3621	19.0025
ADA	95.2381	142.5482	204.1752	263.9175	200.5262	150.4266	145.9943	163.5209	124.182	103.955
ADCK1	180	278.3263	192.9735	217.5258	201.9899	210.1482	104.1074	114.8582	171.0885	202.6006
ADCK2	889.5238	968.1241	487.2709	560.3093	465.9429	760.6646	481.9032	544.9504	737.274	895.6342
ADCK4	599.0476	569.0644	394.0937	312.3711	330.3071	482.2631	268.8085	336.7027	445.9124	505.2439
ADCK5	135.5556	107.1932	53.4623	53.6082	33.1771	65.559	60.5937	20.7532	56.829	84.9525
ADCY10	6.9841	12.0357	2.0367	3.0928	0.4879	0.8981	4.0667	0.7156	2.4055	8.3835
ADCY1	700.6349	522.8021	126.2729	212.8866	341.5288	257.7458	227.3282	173.5397	1274.8946	430.0721
ADCY2	71.1111	159.4734	74.3381	85.0515	28.786	57.4764	72.3871	200.3757	103.4348	141.9601
ADCY3	1594.0508	1401.0832	1461.5224	2383.5	1837.6055	1506.1159	1827.7593	1708.5607	1965.1268	1810.3212
ADCY4	372.381	646.1683	618.1263	577.3196	626.4614	679.8383	848.3123	336.3449	501.8394	363.0043
ADCY5	389.8413	697.3202	750	601.0309	713.3073	919.6228	1237.9016	234.0102	369.2384	240.6056
ADCY6	1745.3968	2753.1735	5815.1731	3053.6082	3929.5328	3002.2452	6632.3709	1452.7239	2176.6421	2369.4484
ADCY7	376.1905	551.3869	1223.5234	1377.8351	960.1838	806.4661	553.8837	595.7599	928.8089	715.3895
ADCY9	946.6667	745.087	622.7088	944.8454	805.5201	807.3642	654.7377	879.1484	1042.7676	786.0901
ADCYAP1R1	2.5397	5.6417	102.3422	34.0206	40.9835	42.2093	33.7536	57.608	57.4304	102.5578
ADCYAP1	79.3651	1.5045	5.6008	3.6082	88.3096	0	0.4067	2.8625	15.3348	8.9424
ADC	158.7302	132.393	42.2607	53.6082	46.3503	111.8096	59.7804	115.216	151.5441	107.029
ADD1	5718.0952	7323.7424	10002.0367	8071.134	7899.5613	7096.9915	8043.107	7414.6167	8107.007	5758.0474
ADD2	47.3016	50.0235	47.3523	76.8041	73.1847	63.7629	64.6604	65.8377	107.3437	48.6241
ADD3	2137.1429	2528.6319	3647.6578	5347.4227	3608.4958	2514.1446	4448.5563	5879.2379	4128.0728	4900.4183
ADH1A	37.4603	139.5393	577.3269	848.6598	192.2319	249.6632	2446.4335	320.4795	205.9676	14.5509
ADH1B	3812.6984	15351.9511	63057.0265	91436.5979	22596.0336	25471.0373	257378.1985	37959.7424	19326.9819	1427.4257
ADH1C	151.4286	450.9638	1068.2281	295.8763	256.6345	356.9825	773.0785	436.5328	496.4271	165.9927
ADH5	3408.254	3400.8463	5575.3564	4385.0515	3835.3685	3442.2991	6722.6515	4501.2971	3806.643	2963.8365
ADH6	1.5873	0	5.6008	13.9175	2.9274	2.2452	4.4734	5.0094	0.902	1.3972
ADHFE1	180.6349	209.8731	574.3381	563.9175	453.7454	366.8612	1702.318	217.5508	190.0315	127.7082
ADI1	1556.1905	2754.3018	2865.0713	2818.5567	2484.866	1929.5016	2161.0411	1469.5411	2035.3212	1332.1336
ADIPOQ	1317.1429	23352.3272	121017.3116	51822.6804	57953.0471	29523.1253	293105.3274	12135.9692	11434.3617	255.4164
ADIPOR1	2387.619	2392.4777	2640.5295	2174.2268	2321.4201	2346.6547	2611.2241	2385.1865	2268.3503	2043.6108
ADIPOR2	2392.381	3427.1744	6664.9695	3523.1959	6732.5085	6460.2604	7634.4042	2228.4641	2983.0731	1792.945
ADK	461.9048	427.2685	532.5866	402.5773	479.1161	355.1863	370.8825	353.8778	431.4797	384.8013
ADM2	128.8889	140.2915	4.0733	6.1856	27.3223	59.7216	4.4734	36.497	68.5557	189.7459
ADM	229.8413	1141.1378	1582.9939	582.4742	1014.8284	1556.8029	966.6531	527.0597	452.8281	153.4175